8 24 4
0.16724698011993128 0.2896659421740035 -0.17114122205419563 -0.2780772550484035 0.1558967781844776 0.24758149223171594 -0.027453422181104914 -0.11789521275938547 -0.007195483870543418 -0.24213464080957914 0.17793711220959912 0.27804007506195255 0.25154878534492925 -0.17058627245700078 -0.12625468082925648 -0.20808099343688902 -0.27173444210329056 0.20328994875558498 0.011785480044230356 0.153723176080232 -0.13920908929874584 -0.13275027268064601 0.274823267049261 0.11697830018642108
-0.03127408867800091 0.027176093287644087 -0.04985868237662755 0.21537125882665964 0.17723257547731597 0.010783523233547254 0.1292146361445518 0.0013481830295774544
0.14515478683640576 0.0074153574338464145 -0.0776154704545563 0.34541465539997873 0.14200301573011292 0.31265355461652156 0.12633280444302725 0.10789513221112312
-0.20289699375132164 -0.23122057913976457 0.21999332069059163 -0.04483486700018963 -0.1717681427209381 -0.2194468018049232 -0.19599478776468704 -0.348824289982367
-0.2109431465146253 0.14602278380792838 0.15486817127172092 0.15174926560026858 0.2180424343753563 -0.009732966745805482 -0.012963089493189861 0.31497336567263123
0.2553118868313057 -0.18460379485884618 0.08947049806772572 -0.3050354597068338 -0.34467001860279944 -0.07023509162517644 0.31899475090940577 -0.11771419827526797
-0.2901169427683359 0.22989493236112402 0.29729984053835423 -0.052623979975777724 -0.18028181136001478 0.32011361246350034 -0.23323286071052965 0.05473553833235173
-0.30602752265757444 0.2706472999876206 0.015032360509789011 -0.28869255136315647 -0.28674281898469633 0.03636858647509461 0.019605119199089083 0.22929497652969444
-0.13231376678009968 -0.24198277374944485 0.18669392270929508 -0.2100087825809061 0.32877691089783856 -0.012797288449924893 -0.2207968545027331 0.21003792081329342
-0.1562196186634187 -0.007205346065800089 0.2532226410807574 0.3037429034449868 -0.337840178988192 -0.30396228977142764 0.13810215120745312 -0.2636256335738503
0.3304648392897682 -0.24441678983110676 -0.13474234132970914 0.09650401787339996 0.26410629491349813 0.28905916151044875 -0.254985947958295 0.33179877524106727
0.3517850839449864 -0.24638729856862607 0.04581295060095486 0.0808991225174282 -0.0929575257553168 -0.2309532217504549 0.05328016431217997 0.19263186565396961
0.24109212689306037 -0.15502266209437401 0.20449631435935012 0.30749652394688654 -0.16910208857820477 -0.04613024047235176 0.3039994298825245 -0.15113992360655082
-0.26098935899711734 -0.11066511703607926 -0.13756927674908018 0.08844806063392929 -0.0661143428357091 -0.09964402606930739 -0.1247069611479153 -0.302242456897053
-0.3258303868919172 -0.01925283268669309 -0.3356007220499638 0.26086742378800487 0.2788693893412314 -0.1260326956781565 0.09856329019377175 0.013706927344686592
0.22253684700369225 -0.13248210577404074 0.14323955327849763 0.07759312311672883 -0.2186790171491682 0.07593254240523523 0.06953635270092501 -0.3040587496204491
0.28618677187825714 -0.3250761617992978 -0.21994814919548006 -0.20238796574384807 -0.2924440617533765 -0.2214931059907601 -0.12792291479579765 0.30688985325525286
-0.19440204121266214 -0.059249575357743556 0.08764071641072474 -0.23792235140767984 -0.35292685977177224 -0.10754433420502121 -0.1050910615445532 -0.11191071966082791
0.09643078853014081 0.13110662926256478 -0.000334986223523015 0.04360274215948812 -0.142080123260257 0.17369092654299267 0.2075526884422676 -0.015485064808167859
-0.22235165265288234 -0.04181745119869151 0.20509067055908126 -0.2356893955598191 -0.2679291101242164 0.13717505676563718 -0.06337256593783136 -0.24176708650997492
0.18815629261405964 0.12119251386561458 -0.11528528843348865 0.25527075017084144 0.07228452031219551 -0.28134955400888984 0.2515054784588492 -0.3361655931121552
-0.02672978634522627 0.30006110188538027 -0.24818038931436304 -0.21184656849805641 -0.14325390193270432 -0.32550544871634274 0.2448095279448772 -0.2565103896748093
-0.253776567519502 0.05603519681446645 0.012922833310889892 -0.23090631046088775 -0.23534553666269387 0.12883744917280815 0.0611512359814147 -0.1127906677877212
-0.16749840465746302 -0.20917979996366676 0.04388085950869747 0.12050464700313834 0.33554192480614253 -0.277965679996997 0.3223677474840396 -0.29197028643608713
0.329581380213014 0.23600008477864354 -0.11347664957531114 0.19409813072624205 0.10726330522956573 -0.24146047432452186 -0.05678399919922178 0.0025958848095035125
-0.2233489223289264 -0.04443900534226858 -0.20082317371571962 0.15837494955388215
0.034949394544316614 -0.13538153936556885 0.15665359470642584 0.09109343547872781 0.15122001982349173 -0.06977619893880138 -0.15395215077294797 -0.11781764958906299 0.10616056472466665 0.1509473616182236 0.045662721801859735 -0.06260488188798669 0.15363903778182217 0.08065687544371272 0.09614138385709689 0.011609728526661783 -0.01034027387780126 0.020896627060661088 0.17507652782641878 0.18798643756985742 0.02278443372620395 -0.03698654822369482 0.14355176148670876 -0.0921884533247138
-0.2039837350501364 0.13852358794865718 -0.20403666821884667 0.04905970481510216 -0.05967572713174446 0.09949302655130884 0.0923645795897862 0.1998152635315378 0.15282197499232839 0.036520104357857325 0.12884430268527672 -0.0067304575902460695 -0.11617642888922873 0.04496806024417918 -0.13458946180008585 -0.1738520046566006 0.10555766615739079 0.1973565495369495 -0.020857868785476436 0.0689734112033428 -0.04791516564630166 0.2000228954560682 0.015007913771293846 0.08307017749624365
-0.018270736387995423 -0.06617466821396309 -0.1990434775230519 0.05969413072569926 0.14361641924047977 0.1599397426368885 0.11755194740252997 0.08364211116377882 0.016468898153163214 -0.16626664172789446 0.049772178398102135 -0.01829612726226612 -0.033976911358705064 -0.004763457372020441 -0.1322346210803743 0.031159886059333286 -0.11264922979200727 -0.09924803930233868 -0.041004647202224465 0.008453912800191338 -0.1857247958118863 0.17274976298835235 0.07482903649536835 0.047026407979476464
0.11610057637154367 0.060959868776515574 -0.10910835941435297 -0.1747425259610983 -0.03346884411673162 0.1487834676579373 -0.10000590952943367 0.17717114260142594 -0.1195296067983862 -0.19454738163381963 0.11505429339638532 -0.14277398855153828 -0.20068429224011614 -0.17769946171719106 -0.14873574427313488 -0.13979045886749072 0.13595628622794328 -0.06281851850965381 -0.18805193030707898 0.15498896313044105 -0.000552341164963499 0.1977363953604481 -0.11960251718551781 -0.017093077680004926
